1 0.17268164217893228 0.235993919702087 0.017125452116918894 0.041170278826532326
1 0.20455401139653134 0.2911326859876214 0.01617403811042344 0.04411101302842745
1 0.23951847613524077 0.292603053088569 0.013795503094184624 0.042640645927479924
1 0.2573574887570313 0.2624605275191435 0.02854242019486488 0.022055506514213726
1 0.27234225935933537 0.2911326859876214 0.018552573126662076 0.04117027882653236
1 0.3046903355801821 0.2918678695380952 0.01760115912016662 0.03969991172558476
1 0.33156778126368 0.2918678695380952 0.014271210097432388 0.038229544624637166
1 0.3315677812636798 0.23489114437637632 0.020931108142900924 0.04337582947795369
1 0.13676576343372734 0.4282444181509834 0.017601159120166656 0.03602399397321584
1 0.13652790993210348 0.48301559266128097 0.015222624103927931 0.03675917752368967
1 0.16126467410098633 0.48522114331270233 0.01712545211691893 0.048522114331270176
1 0.18695285227636468 0.4874266939641237 0.019028280129909873 0.038229544624637055
1 0.38460911212580373 0.4282444181509835 0.017601159120166656 0.03749436107416337
1 0.38437125862417987 0.4848535515374654 0.019979694136405327 0.038964728175110964
1 0.41029729030118206 0.48411836798699154 0.016649745113671132 0.038964728175110964
1 0.4355097614733127 0.485956326863176 0.020455401139653162 0.04117027882653226
1 0.5977258495807944 0.23452355260113944 0.014746917100680221 0.03822954462463713
1 0.630787486306513 0.2918678695380952 0.014271210097432388 0.03675917752368957
1 0.6640869765338553 0.29076509421238445 0.015222624103927843 0.03455362687226817
1 0.6819259891556458 0.26099016041819595 0.025212471172130366 0.022055506514213726
1 0.6978621737644454 0.29297064486380586 0.022833936155891764 0.03749436107416333
1 0.730448103486916 0.2892947271114369 0.01474691710068015 0.03602399397321577
1 0.7570876956687899 0.29333823663904274 0.008087019055211612 0.03675917752368949
1 0.758752670180157 0.23452355260113947 0.019979694136405327 0.04117027882653229
1 0.5618099708355896 0.4271416428252727 0.022833936155891906 0.04558138012937505
1 0.5606207033274703 0.48448595976222847 0.023309643159139668 0.049992481432217774
1 0.5882117095158396 0.48448595976222847 0.017601159120166587 0.042640645927479924
1 0.610094231665236 0.48705910218888676 0.01664974511367106 0.044846196578901286
1 0.8118578802155159 0.42677405105003585 0.02235822915264407 0.038964728175110964
1 0.8104307592057726 0.48264800088604404 0.016649745113670917 0.038964728175110895
1 0.8332646953616645 0.48963224461554505 0.019503987133157638 0.042640645927479855
1 0.8587150200354189 0.48301559266128086 0.017125452116918894 0.03528881042274193
1 0.23333428509302007 0.6877642114682316 0.015698331107175677 0.044846196578901217
1 0.2668716288219863 0.6888669867939424 0.02093110814290089 0.05293321563411297
1 0.2980304375347137 0.6873966196929948 0.021406815146148617 0.04558138012937505
1 0.3315677812636799 0.7454761201804244 0.01617403811042351 0.042640645927479855
1 0.3655808319958938 0.7451085284051875 0.017601159120166587 0.04337582947795369
1 0.42076284437263256 0.6877642114682316 0.016649745113671132 0.04043509527605849
1 0.4186221628580176 0.74363816130424 0.019979694136405327 0.04337582947795354
1 0.4543001881015987 0.6855586608168105 0.017125452116918894 0.04043509527605849
1 0.45287306709185543 0.743270569529003 0.019028280129909945 0.04411101302842752
1 0.4899782133451797 0.6862938443672842 0.01997969413640547 0.04190546237700616
1 0.48831323883381267 0.7447409366299506 0.019503987133157638 0.039699911725584514
1 0.523277703572522 0.687029027917758 0.017125452116918752 0.04043509527605863
1 0.521612729061155 0.7425353859785292 0.01664974511367106 0.03822954462463713
1 0.6524321549542854 0.6855586608168105 0.017601159120166587 0.03896472817511082
1 0.604385747626263 0.7418002024280554 0.018552573126662253 0.04264064592747999
1 0.6284089512902742 0.7429029777537661 0.013319796090937005 0.043375829477953404
1 0.653145715459157 0.7418002024280556 0.017125452116919036 0.04117027882653218
1 0.6876344731946188 0.7432705695290031 0.017601159120166587 0.0396999117255848
1 0.7197446959138418 0.7418002024280556 0.017125452116918752 0.03822954462463713
1 0.7530441861411838 0.7410650188775818 0.016174038110423367 0.03969991172558465
1 0.7861058228669024 0.7443733448547138 0.0166497451136712 0.044846196578901217
1 0.8122697080455287 0.74363816130424 0.0166497451136712 0.03455362687226824
1 0.8129832685504002 0.6873966196929949 0.024736764168882958 0.04411101302842752
