1 0.4996839443742098 0.45638432364096077 0.03223767383059425 0.053097345132743425
1 0.5015802781289507 0.5202275600505688 0.03413400758533498 0.0543615676359039
1 0.288716814159292 0.6314791403286977 0.03318584070796458 0.06194690265486727
1 0.33754740834386854 0.6333754740834386 0.03223767383059418 0.07079646017699119
1 0.37642225031605564 0.6270543615676358 0.03413400758533505 0.06826801517066997
1 0.41719342604298354 0.632111251580278 0.037926675094816745 0.06321112515802796
1 0.4845132743362832 0.6346396965865992 0.03413400758533505 0.07585335018963328
1 0.5333438685208596 0.63653603034134 0.036978508217446235 0.0670037926675095
1 0.5802781289506953 0.6359039190897597 0.03223767383059418 0.0606826801517068
1 0.6196270543615676 0.6352718078381794 0.03318584070796462 0.06447534766118843
1 0.6608723135271808 0.6371681415929202 0.036030341340075864 0.06068268015170673
1 0.7006953223767383 0.6352718078381794 0.03413400758533513 0.05941845764854612
