5 0.1757039420756235 0.0663716814159292 0.150603378921963 0.1125158027812895
5 0.3423974255832663 0.061946902654867256 0.13644408688656473 0.11125158027812894
5 0.17634754625905066 0.6276864728192162 0.15961383748994368 0.10493046776232624
5 0.3404666130329847 0.6308470290771175 0.13258246178600155 0.10366624525916557
5 0.743362831858407 0.6295828065739569 0.13515687851971037 0.09355246523388118
5 0.9106999195494772 0.6283185840707965 0.1428801287208367 0.09860935524652341
1 0.18600160901045854 0.7281921618204802 0.06307320997586484 0.07079646017699119
1 0.34818986323411105 0.7269279393173198 0.060498793242156096 0.07332490518331226
1 0.7472244569589702 0.7281921618204805 0.0656476267095735 0.07332490518331226
1 0.9106999195494772 0.7294563843236409 0.05277554304102963 0.06826801517066997
1 0.26130329847144007 0.7958280657395701 0.07208366854384554 0.04930467762326174
1 0.8296057924376509 0.7932996207332491 0.06822204344328242 0.03413400758533498
1 0.06178600160901047 0.859039190897598 0.06178600160901047 0.08975979772439942
1 0.16926790024135158 0.8609355246523388 0.055349959774738514 0.07585335018963349
1 0.36492357200321807 0.859039190897598 0.060498793242156096 0.07711757269279389
1 0.4659694288012872 0.8609355246523388 0.05148833467417539 0.07585335018963349
1 0.6288012872083669 0.8596713021491783 0.05534995977473855 0.07585335018963335
1 0.7343523732904264 0.8603034134007586 0.057924376508447326 0.07206068268015173
1 0.9319388576025744 0.8628318584070798 0.06693483507642796 0.07206068268015187
