4 0.29982300884955754 0.1883691529709229 0.11589796980739198 0.04551201011378001
4 0.30486205101509634 0.24336283185840707 0.13101509630400832 0.049304677623261704
4 0.30234252993232696 0.29582806573957016 0.1965226444560125 0.04551201011378005
4 0.2569911504424779 0.35587863463969654 0.14109318063508597 0.03919089759797721
4 0.26328995314940135 0.40455120101137804 0.16376887038001045 0.040455120101137824
4 0.260770432066632 0.4513274336283186 0.1486517438833941 0.040455120101137824
4 0.6777511712649661 0.1883691529709229 0.1259760541384695 0.04551201011378001
4 0.6777511712649661 0.240834386852086 0.16628839146277968 0.05436156763590393
4 0.6601145236855804 0.2869785082174463 0.13605413846954711 0.03286978508217448
4 0.7205830296720458 0.35398230088495575 0.11589796980739195 0.040455120101137824
4 0.7142842269651223 0.4013906447534766 0.13857365955231657 0.04171934260429836
4 0.7168037480478918 0.45195954487989887 0.10833940655908378 0.05183312262958282
3 0.49508589276418535 0.39823008849557523 0.07810515356585107 0.030341340075853297
3 0.1473919833420094 0.5391908975979773 0.08314419573138992 0.05183312262958282
3 0.6172826652785008 0.5423514538558787 0.0705465903175429 0.04045512010113768
3 0.5769703279541906 0.6321112515802781 0.05039042165538788 0.02275600505688999
3 0.40690265486725663 0.6295828065739569 0.04283185840707965 0.020227560050568912
3 0.4421759500260281 0.15676359039190899 0.057948984903696044 0.058154235145385584
3 0.13479437792816243 0.08280657395701643 0.07810515356585113 0.044247787610619475
3 0.8163248308172828 0.16308470290771176 0.0655075481520042 0.035398230088495575
3 0.8465590838105155 0.08217446270543614 0.0655075481520042 0.027812895069532245
4 0.24943258719416972 0.7054361567635904 0.1058198854763144 0.04551201011377998
4 0.7231025507548152 0.7073324905183312 0.09070275897969793 0.03919089759797728
4 0.2569911504424779 0.7509481668773705 0.1058198854763144 0.035398230088495526
4 0.7231025507548152 0.7490518331226297 0.07558563248308162 0.03413400758533498
4 0.38170744403956275 0.7806573957016434 0.10833940655908378 0.0594184576485462
4 0.49130661114003127 0.7863463969658661 0.07558563248308175 0.06573957016434889
4 0.5883081728266528 0.786346396965866 0.07810515356585114 0.07585335018963335
4 0.09826132222800624 0.8179519595448798 0.11589796980739198 0.04045512010113796
4 0.08944299843831338 0.8647281921618205 0.13857365955231649 0.04551201011378012
4 0.3036022904737116 0.8166877370417193 0.12345653305570015 0.037926675094816745
4 0.3111608537220198 0.865992414664981 0.11841749089016136 0.04551201011377998
4 0.6689328474752734 0.81795195954488 0.09322228006246747 0.04804045512010106
4 0.6714523685580427 0.8723135271807838 0.06802706923477359 0.042983565107458904
4 0.8830921395106717 0.8185840707964601 0.10833940655908378 0.03919089759797728
4 0.8805726184279021 0.8653603034134008 0.10833940655908393 0.04424778761061958
