3 0.08886402682307872 0.08827702739295731 0.04902842859204343 0.03357776502063407
3 0.279998291412373 0.19713397528243226 0.04060166742778595 0.03249461131029104
3 0.6645650281812135 0.1808866696272868 0.025280283492772497 0.06065660777920993
3 0.4864539399366808 0.7267961396401762 0.035239183050531225 0.028161996468918885
3 0.5921714890882744 0.43976040639927205 0.022982075902520337 0.06065660777920996
2 0.701336349625246 0.3520249558614863 0.022216006705769616 0.05415768551715168
4 0.6978890382398681 0.4153894479165538 0.026046352689523076 0.04657560954475059
4 0.15053259716150832 0.4045579108131235 0.031408837066777835 0.06390606891023892
4 0.17428074226077936 0.40834894879932404 0.019151729918766947 0.06065660777921003
4 0.19611371436817368 0.4078073719441525 0.024514214296021707 0.057407146648180855
4 0.21756365187719273 0.41105683307518165 0.024514214296021707 0.06390606891023907
4 0.24016269318133773 0.40834894879932404 0.02374814509927102 0.06282291519989606
4 0.19687978356492436 0.2886604638064187 0.027578491083024445 0.0530745318068087
3 0.17619591525265604 0.329820304799454 0.01991779911551763 0.029245150179261933
4 0.19496461057304768 0.20200816697897594 0.023748145099271055 0.03357776502063405
5 0.2037744063356805 0.15272467315836788 0.042899875018038006 0.02599568904823286
4 0.19726281816329969 0.09802541078604463 0.028344560279775097 0.035744072441320135
