5 0.2859184080004675 0.6523206314312994 0.060354869667361616 0.03610920462796599
5 0.2879643357858019 0.6994195939895158 0.10536528094471613 0.03924913546518056
5 0.28540692605413404 0.7378837467453927 0.11048010040805188 0.03610920462796599
5 0.285406926054134 0.7802728130477877 0.1063882448373833 0.04395903172100219
5 0.28438396216146683 0.8187369658036644 0.10843417262271757 0.02982934295353715
5 0.28489544410780043 0.8572011185595413 0.11150306430071905 0.04081910088378777
5 0.3877033153208487 0.6723376905185412 0.06137783356002885 0.043174049011698516
5 0.386168869481848 0.7327813591349193 0.06649265302336453 0.05573377236055649
5 0.3815655319648458 0.7987199067164223 0.06137783356002885 0.058873703197770764
5 0.5554693937182608 0.6684127769720233 0.07569932805736897 0.055733772360556204
5 0.5595612492889294 0.7331738504895711 0.06342376134536316 0.06122865132568123
5 0.5524005020402594 0.8026448202629405 0.05728597798936029 0.04003411817448395
