3 0.38594661315607726 0.23590802822266896 0.009044087725511787 0.00894720713866004
5 0.39086187822429025 0.30002967938306574 0.017301733040109398 0.01789441427732001
5 0.3902720464161047 0.3745897388718991 0.012976299780082102 0.013122570470034702
5 0.5119740095050561 0.48702630858106005 0.011010193752796908 0.020876816656873343
5 0.5825572158845934 0.4870263085810599 0.010616972547339927 0.024455699512337434
4 0.5139401155323413 0.4363254681286533 0.013369520985539084 0.025648660464158722
4 0.5829504370900505 0.4354307474147872 0.01454918460191017 0.022666258084605387
4 0.5483469710098317 0.45183396050233054 0.012189857369167854 0.013719050945945454
4 0.3660889422804972 0.6868472680111336 0.011796636163711014 0.026841621415979944
5 0.24635308521883076 0.48493862691537265 0.01533562701282424 0.03578882855464002
4 0.36746521649959674 0.48911399024674734 0.008257645314597682 0.021473297132784026
5 0.7076015592199297 0.5380253892714221 0.012189857369168066 0.01670145332549879
5 0.7072083380144727 0.6173572925675408 0.012189857369167924 0.013122570470034702
4 0.7292287255200666 0.6886367094388656 0.009044087725511787 0.01849089475323069
4 0.7302117785337091 0.43722018884251923 0.010223751341882803 0.02266625808460546
4 0.7300151679309806 0.490605191436524 0.009044087725511787 0.02445569951233736
5 0.7076015592199296 0.3814492643448719 0.018481396656480627 0.012526089994124093
5 0.7083880016308438 0.2970472770035124 0.01612206942373831 0.01670145332549872
3 0.7482999539847326 0.24217107321973097 0.008650866520054592 0.019087375229141407
3 0.7148761515208849 0.23769746965040098 0.013369520985539084 0.012526089994124056
