1 0.2202907711757269 0.56826801517067 0.0341914722445696 0.02402022756005053
1 0.5070106884266177 0.5689001264222504 0.03321457303758194 0.020227560050568912
1 0.5626939432249166 0.5676359039190898 0.037122169865532795 0.025284450063211138
1 0.5050568900126423 0.6144121365360303 0.023445580967704913 0.04551201011378005
1 0.5641592920353983 0.6144121365360303 0.01660728651879097 0.040455120101137894
1 0.8303643259395471 0.5012642225031605 0.02344558096770484 0.0493046776232616
1 0.8171761866452133 0.5682680151706702 0.0341914722445695 0.02149178255372952
1 0.8176646362487071 0.5916561314791403 0.037122169865532725 0.02275600505688999
1 0.8176646362487071 0.6175726927939317 0.037122169865532725 0.0240202275600506
1 0.5651361912423859 0.7439949431099874 0.020514883346741754 0.04677623261694052
4 0.7116710722905414 0.5663716814159292 0.04982185955637277 0.027812895069532217
