4 0.18998516079416827 0.23612750885478156 0.024514214296021707 0.05632399293783777
3 0.12372017527523457 0.311948268578794 0.01608745313176426 0.03249461131029094
3 0.17198253467052735 0.5128732818474269 0.014555314738262836 0.022746227917203824
4 0.19343247217954634 0.4711718639992201 0.026812421886273762 0.045492455834407364
4 0.1436379743907522 0.6033166166610703 0.025280283492772428 0.05849030035852373
4 0.16853522328514928 0.6011503092403843 0.013789245541512188 0.049825070675779556
4 0.19190033378604496 0.6022334629507273 0.020683868312268316 0.058490300358523865
4 0.21220116749993795 0.6016918860955558 0.021449937509018965 0.057407146648180786
4 0.2340341396073323 0.6038581935162418 0.017619591525265578 0.05307453180680859
3 0.45964151805040715 0.6715553004126815 0.03677132144403259 0.02599568904823286
2 0.5952357658752772 0.7067577959988302 0.05056056698554471 0.022746227917203755
3 0.6128553574005429 0.35581599384768686 0.029110629476525887 0.05307453180680866
2 0.7239353909293911 0.2626647747581859 0.024514214296021776 0.05524083922749476
4 0.7231693217326404 0.32332138253739584 0.021449937509018895 0.057407146648180855
3 0.6879301386821092 0.09802541078604463 0.026046352689523218 0.048741916965436546
