1 0.3957017345197171 0.09174604638144007 0.027913386140983504 0.021873229600873127
1 0.39471886881052753 0.11361927598231318 0.02594765472260441 0.014582153067248757
5 0.40218864820036815 0.1880490155963954 0.03223799526141761 0.024911178156549953
1 0.37309582320835716 0.3457185456360225 0.014939558779681334 0.01579733248951939
2 0.39019768654825554 0.3454147507804548 0.009042364524543984 0.01032902508930114
2 0.40100920934934065 0.43017351548383814 0.012580681077626252 0.012151794222707225
4 0.38587307742782145 0.42895833606156747 0.017691582765412193 0.018227691334060978
4 0.393342856817662 0.446578437684493 0.018477875332763672 0.0109366148004365
4 0.5777284638616237 0.4556922833515236 0.02869967870833527 0.026733947289956105
4 0.577335317577948 0.43473043831735336 0.029485971275686963 0.016404922200654894
2 0.5739935741667034 0.613969403102286 0.022016191885846085 0.01883528104519634
5 0.5734038547411896 0.5869316609567623 0.026340801006280258 0.029164306134497622
3 0.5696689650462692 0.6443488886590543 0.010221803375571596 0.01883528104519627
4 0.5702586844717831 0.7075382186171322 0.022409338169521932 0.021265639889737713
4 0.5698655381881071 0.7278924739401669 0.026340801006280116 0.0194428707563317
3 0.7644729486076404 0.33994644338023655 0.01061494965924723 0.013974563356113379
