5 0.12372990177437843 0.21993985647263542 0.026457966417162682 0.018529731497694543
5 0.17882472596070545 0.23867099809530493 0.030815749121165935 0.011681787248546627
5 0.3755474880271386 0.23766394747043024 0.025835426030876577 0.020141012497494087
5 0.5546834841809871 0.23887240822027989 0.026769236610305783 0.020141012497494087
5 0.545501013483266 0.17824796060282266 0.017119860622869965 0.01651563024794516
5 0.6094670381741711 0.1802620618525721 0.018053671202299313 0.014904349248145685
5 0.6423060435507673 0.1802620618525721 0.018364941395442428 0.014098708748245876
5 0.13552297289738607 0.49800204454735564 0.019410537964595437 0.017250754505742448
5 0.2101249200143251 0.49724543250763004 0.02128143319009858 0.018158688953413174
5 0.25257085544292834 0.4975480773235202 0.01964439986778334 0.020579847480534853
5 0.31501198359409677 0.49875865658708113 0.02151529509328647 0.01876397858519354
5 0.34845423574996603 0.49724543250763004 0.020579847480534923 0.01755339932163267
5 0.38177955695424115 0.49694278769173983 0.020813709383722668 0.0230010060076566
5 0.4597725016674047 0.5004232030744773 0.022450742706038085 0.01543488561040121
5 0.5330882083168104 0.4984560117711909 0.022216880802850128 0.018158688953413105
5 0.6111980839815678 0.4851396398720212 0.019878261770971052 0.016342820058071864
5 0.7270766570111706 0.48438302783229575 0.020579847480534996 0.014224306346840337
5 0.7855421328081447 0.3395674834288259 0.01824122844865599 0.01755339932163274
5 0.8402658181541125 0.34017277306060634 0.01824122844865599 0.015132240794510992
5 0.7422776807183838 0.3406267402844416 0.019176676061407535 0.016645464873962082
5 0.7074322571433873 0.3403997566725239 0.020065351293521445 0.015646736981524398
5 0.6356600390550217 0.3403997566725239 0.019550855106508037 0.01697837417144129
5 0.16780967868137908 0.3393480252319503 0.024687706207598515 0.02245050548608326
5 0.2398710913954504 0.34021150621218427 0.02602217681341468 0.025904429407019123
5 0.2882456508562853 0.34021150621218427 0.025354941510506563 0.02417746744655112
5 0.3509657693296437 0.3397797657220672 0.02935835332795506 0.02331398646631712
5 0.41935738787772064 0.34150672768253515 0.022018764995966292 0.019860062545381255
5 0.4640621531725611 0.34064324670230123 0.024687706207598553 0.019860062545381325
5 0.5070988302101316 0.3419384681726521 0.021351529693058213 0.020723543525615257
5 0.551469977853518 0.33848454425171626 0.022018764995966222 0.02245050548608326
5 0.5931721842852723 0.3384845442517163 0.025354941510506636 0.020723543525615326
5 0.2128480616276736 0.7633171865268296 0.021351529693058174 0.01726961960467932
5 0.12443938399235463 0.7814502871117429 0.020684294390150113 0.0138156956837436
5 0.1231049133865385 0.8013103496571241 0.019349823784333964 0.018996581565147323
5 0.17147947284737342 0.8008786091670071 0.02135152969305814 0.012952214703509525
5 0.2829077684330207 0.6424298492940737 0.02668941211632262 0.02417746744655112
5 0.8040185400042216 0.6432933302743078 0.02668941211632273 0.017269619604679463
5 0.5284503599031898 0.6843086768354215 0.026689412116322656 0.012952214703509385
1 0.5148820591536325 0.37801850728767816 0.009003683272733909 0.012317644006731925
1 0.4741082363328228 0.37801850728767816 0.012347908488320911 0.012317644006731925
1 0.45893059881592824 0.37785205263893856 0.008746435179227347 0.0126505533042112
1 0.4454250739068273 0.37785205263893856 0.012605156581827615 0.015313827684045123
1 0.4319340835150095 0.3779662405279741 0.009929519161264508 0.012406863698456404
1 0.41806699641048484 0.3779662405279741 0.008902327523892311 0.013293068248346031
1 0.40351511488104536 0.378409342802919 0.011983902436008904 0.013293068248346173
1 0.39153121244503636 0.37863089394039134 0.00992951916126465 0.017280988722849954
1 0.3745825504283951 0.37774468939050165 0.008902327523892382 0.011963761423511486
1 0.36088666193009916 0.3781877916654465 0.010271916373721908 0.012849965973401253
1 0.34599238318820225 0.3759722802907222 0.008559930311434982 0.00930514777384218
1 0.32955731699024704 0.37863089394039146 0.008559930311434982 0.012849965973401253
1 0.15232797017033536 0.3783865649429542 0.010804419927280816 0.013982190494128162
1 0.1685346000612566 0.37738783705051643 0.00823193899221394 0.014648009089086643
1 0.18589884637295792 0.37705492775303723 0.00900368327273405 0.01331637189916961
1 0.23516185627948835 0.3782201102942146 0.007202946618187163 0.014315099791607366
1 0.24905325332884942 0.3785530195916938 0.011318916114294204 0.01564673698152433
1 0.2764501752873115 0.37755429169925614 0.010032675646760829 0.014315099791607366
1 0.28905533186913906 0.37655556380681837 0.007974690898707344 0.014315099791607366
1 0.30371847319902023 0.3783865649429542 0.011576164207800837 0.015313827684045123
1 0.12039210776112917 0.5358175142928385 0.007717442805200587 0.011651825411773302
1 0.18174577806247386 0.5110157716306349 0.007460194711693902 0.013982190494128091
1 0.1809740337819538 0.5348187864004008 0.009003683272734016 0.010986006816814964
1 0.21171518095600284 0.5341529678054422 0.008746435179227312 0.011651825411773302
1 0.25351799615083936 0.53515169569788 0.010547171833774129 0.014315099791607295
1 0.27834243717423457 0.534319422454182 0.009775427553254055 0.015979646279003532
1 0.3025237579638631 0.5346523317516612 0.008231938992213906 0.011984734709252577
1 0.3272195749405049 0.5348187864004008 0.009775427553254019 0.012983462601690334
1 0.3561599854600071 0.6744742366929424 0.007974690898707308 0.011318916114294239
1 0.36760752562105464 0.674640691341682 0.00823193899221394 0.013649281196649099
1 0.3480566705145465 0.7115936233618777 0.009260931366240684 0.013649281196648815
1 0.3652922927794945 0.7099290768744817 0.009260931366240613 0.011651825411773445
1 0.3826565390911958 0.711427168713138 0.011061668020787466 0.01464800908908643
1 0.32323222949115127 0.7115936233618777 0.009518179459747351 0.013649281196648815
1 0.3236181016314113 0.6877906085921119 0.008746435179227276 0.012650553304210917
1 0.25055964307551243 0.7805058479400807 0.00823193899221394 0.010986006816814893
1 0.2123583011897695 0.7758451177753714 0.010032675646760757 0.012317644006731854
1 0.12553706963126288 0.6971120689215309 0.00874643517922733 0.011318916114294239
1 0.1465027892520578 0.6974449782190101 0.008489187085720662 0.010653097519335688
1 0.2725543550703341 0.6704793251231915 0.010032675646760794 0.011984734709252508
1 0.28117216620280805 0.6701464158257121 0.007202946618187163 0.01265055330421106
1 0.28863236091450195 0.6698135065282329 0.008231938992214012 0.01265055330421106
1 0.2963498037197026 0.6704793251231915 0.010804419927280833 0.009321460329418585
1 0.20991444430145598 0.645677582460988 0.009775427553254126 0.013649281196648815
1 0.21120068476898943 0.6979443421652288 0.007717442805200605 0.012317644006732138
1 0.23975522314823158 0.8031436801686691 0.006688450431173791 0.012317644006731712
1 0.3905026059431498 0.5341529678054422 0.008231938992214012 0.013649281196648886
1 0.3908884780834097 0.5839229077785888 0.007974690898707237 0.01331637189916954
1 0.4082527243951111 0.5343194224541818 0.007717442805200605 0.013982190494128091
1 0.4005352815899105 0.5105164076844162 0.007202946618187127 0.013649281196648886
1 0.4315336768574662 0.5364833328877969 0.007974690898707237 0.010320188221856413
1 0.45854472667566826 0.5354846049953592 0.00900368327273405 0.012317644006731854
1 0.5278730878757202 0.5706065358794192 0.00720294661818727 0.01265055330421113
1 0.5640164450134096 0.5709394451768985 0.009518179459747316 0.01331637189916954
1 0.5898698784108316 0.521502414501231 0.007202946618187056 0.013649281196648886
1 0.599388057870579 0.521502414501231 0.006173954244160313 0.012317644006731854
1 0.6253701153147544 0.5211695052037518 0.007717442805200463 0.011651825411773445
1 0.634631046680995 0.5201707773113141 0.006688450431173791 0.009654369626898003
1 0.6437633540004825 0.5213359598524915 0.004887713776627009 0.01198473470925272
2 0.6345024226342417 0.5329877852642649 0.007974690898707308 0.01398219049412802
1 0.5857539089147247 0.5694413533382418 0.0056594580571471195 0.012317644006731854
1 0.5950148402809653 0.5711058998256381 0.00720294661818727 0.010986006816814964
1 0.61135009421864 0.5707729905281589 0.006945698524680566 0.011651825411773373
1 0.6405477528316489 0.5712723544743777 0.0056594580571471195 0.010653097519335688
1 0.6492941880108762 0.5716052637718569 0.00720294661818727 0.01331637189916954
1 0.6573975029563368 0.5712723544743777 0.004887713776627009 0.011984734709252648
1 0.39924904112237714 0.673309054151765 0.009260931366240684 0.014980918386565917
1 0.39950628921588377 0.7115936233618777 0.008746435179227347 0.010320188221856484
1 0.44954104340293427 0.7102619861719607 0.007460194711693902 0.014315099791607508
1 0.4499269155431943 0.6872912446458932 0.010289923740267427 0.013649281196648672
1 0.5150106832003858 0.7109278047669193 0.007717442805200463 0.012983462601690405
1 0.5305741928575405 0.7112607140643985 0.007460194711693902 0.013649281196648815
1 0.5395778761302745 0.711427168713138 0.007460194711693759 0.01398219049412802
1 0.5808661951380976 0.7105948954694401 0.008231938992214083 0.012983462601690263
1 0.5970728250290188 0.711427168713138 0.009260931366240613 0.010653097519335688
1 0.5635019488263963 0.6874576992946327 0.009518179459747388 0.01531382768404498
1 0.6143084472939668 0.7110942594156588 0.00720294661818734 0.010653097519335545
1 0.6311581974186548 0.710095531523221 0.007460194711693902 0.013982190494128162
1 0.6485224437303562 0.7104284408207003 0.008746435179227206 0.01331637189916961
1 0.6476220754030827 0.6867918806996743 0.009518179459747388 0.013982190494128162
1 0.6725751404732313 0.6876241539433724 0.007460194711693902 0.012317644006731854
1 0.6728323885667379 0.7085974396845646 0.007460194711694044 0.012983462601690405
1 0.6890390184576591 0.7104284408207004 0.007974690898707308 0.01198473470925279
1 0.7049884002550738 0.7107613501181796 0.010547171833774058 0.014648009089086571
1 0.7219667744265149 0.7110942594156588 0.008489187085720573 0.01331637189916961
1 0.5988735616835656 0.790826036161937 0.009260931366240684 0.010320188221856484
1 0.6482651956368494 0.7901602175669785 0.009260931366240755 0.011651825411773445
1 0.6705171557251777 0.7903266722157183 0.010032675646760794 0.013982190494128304
1 0.5811234432316043 0.8144625962829631 0.00720294661818734 0.010320188221856484
1 0.5813806913251109 0.8264473309922158 0.011833412301307576 0.009654369626897932
1 0.7044739040680603 0.8084702289283368 0.013634148955854358 0.008988551031939523
1 0.7044739040680603 0.821120782232548 0.012605156581827544 0.00898855103193938
1 0.4503127876834543 0.7913254001081559 0.011061668020787537 0.011318916114294097
1 0.4310191806704529 0.8147955055804423 0.006945698524680566 0.011651825411773302
1 0.46754840994840235 0.8141296869854838 0.0054022099636404875 0.012983462601690263
1 0.4898003700367306 0.7893279443232806 0.009260931366240684 0.01331637189916961
1 0.5084508568159655 0.7918247640543749 0.008489187085720573 0.012983462601690405
1 0.30342412629113646 0.7906595815131976 0.007460194711693902 0.012650553304211342
1 0.32284635735089123 0.7918247640543749 0.007717442805200605 0.010320188221856626
1 0.7130917152005344 0.6857931528072365 0.008746435179227206 0.0126505533042112
