1 0.42465814275028974 0.24394995747089823 0.02320083511611337 0.023590765118064887
1 0.47023121172836974 0.24448611122358152 0.022372233861966465 0.022518457612698307
1 0.4242438421232164 0.2715618757340878 0.019057828845378922 0.019837688849281818
1 0.46981691110129625 0.2723661063631127 0.01905782884537885 0.01930153509659849
1 0.424450992436753 0.299441870873619 0.021129331980746215 0.018765381343915238
1 0.47105981298251665 0.2997099477499606 0.02402943637026027 0.02144615010733169
1 0.4236223911826062 0.3254453278787587 0.021129331980746145 0.02144615010733162
1 0.47105981298251665 0.32598148163144197 0.020715031353672655 0.020373842601965036
1 0.42527959369089996 0.35412955364731485 0.01781492696415853 0.015548458827815494
1 0.47105981298251653 0.35466570739999814 0.01905782884537885 0.02305461136538156
1 0.42548674400443676 0.3801330106524546 0.018229227591231946 0.015012305075132133
1 0.47105981298251665 0.3806691644051378 0.021543632607819562 0.018229227591231946
1 0.4256938943179735 0.4080130057919858 0.02195793323489305 0.015012305075132204
1 0.4723027148637369 0.4082810826683274 0.023200835116113296 0.017693073838548658
1 0.4248652930638265 0.43482069342615043 0.020300730726599242 0.015012305075132133
1 0.47064551235544316 0.43374838592078385 0.02154363260781963 0.01822922759123202
1 0.4256938943179735 0.4613603041839734 0.01947212947245241 0.016620766333182074
1 0.47250986517727367 0.46216453481299835 0.02030073072659931 0.017156920085865366
1 0.4240366918096797 0.4895083761998463 0.01947212947245241 0.017156920085865366
1 0.47188841423666356 0.488972222447163 0.022372233861966465 0.01822922759123202
1 0.4244509924367531 0.516316063834011 0.01947212947245234 0.01822922759123202
1 0.47271701549081035 0.5144395256996195 0.023200835116113296 0.018765381343915095
1 0.4250724433773632 0.5417833670864673 0.019057828845378922 0.016620766333182147
1 0.4708526626689799 0.5417833670864673 0.01781492696415846 0.019837688849281818
1 0.42590104463151024 0.5683229778442903 0.02320083511611337 0.018229227591231877
1 0.4733384664314206 0.5691272084733152 0.021129331980746145 0.018765381343915238
1 0.426108194945047 0.595130665478455 0.017814926964158602 0.0193015350965986
1 0.4723027148637369 0.5953987423547966 0.022372233861966535 0.020909996354648328
1 0.4263153452585836 0.6227425837416445 0.01822922759123202 0.019837688849281818
1 0.4729241658043472 0.6243510449996943 0.02278653448903995 0.02198230386001498
