3 0.1181928156860224 0.19780011481429327 0.018385660722016278 0.03357776502063409
5 0.19173545857408755 0.16313919608331617 0.035239183050531225 0.035744072441320135
4 0.18867118178708484 0.11548043282822264 0.030642767870027187 0.03574407244132015
3 0.2949366407490112 0.09531752651018706 0.02911062947652578 0.030328303889604964
3 0.6886962078788599 0.0687802606067827 0.027578491083024376 0.05090822438612263
3 0.6159196341875455 0.33036188165462554 0.02298207590252048 0.047658763255093495
3 0.5312689879465955 0.6910520671988561 0.04060166742778591 0.023829381627546695
3 0.46193972564065916 0.4657560954475049 0.012257107148010817 0.0368272261516632
4 0.19381550677792161 0.29028519437193334 0.02911062947652578 0.043326148413721344
4 0.18845302240066691 0.35473284013734385 0.03217490626352849 0.03791037986200628
4 0.14287190519400153 0.4776707862612783 0.023748145099271038 0.049825070675779556
4 0.16432184270302053 0.47875393997162136 0.020683868312268282 0.04332614841372127
4 0.1880699878022916 0.4771292094061067 0.014555314738262836 0.04440930212406449
4 0.20951992531131056 0.4771292094061067 0.013023176344761501 0.04007668728269216
4 0.23288503581220626 0.4749629019854207 0.021449937509019038 0.04007668728269231
3 0.17006736167865064 0.39426795056486463 0.010724968754509482 0.021663074206860672
4 0.7239353909293911 0.3065325000270788 0.021449937509019038 0.0368272261516632
2 0.7226829507762542 0.2415432774064967 0.022982075902520337 0.054157685517151714
2 0.6663768648150795 0.7240882553643186 0.051326636182295715 0.024912535337889636
2 0.9436939140388251 0.4392188295441005 0.06051946654330337 0.02924515017926197
4 0.9425448102436991 0.4738797482750776 0.06588195092055842 0.03141145759994792
3 0.9417787410469484 0.5437431625922033 0.06128553574005423 0.03032830388960491
4 0.941395706448573 0.6482674956403062 0.06205160493680495 0.031411457599948206
4 0.9425448102436991 0.19605082157208925 0.06281767413355553 0.03032830388960498
5 0.9425448102436991 0.33523607335116923 0.06434981252705711 0.03141145759994799
