3 0.2945884274777608 0.09206806537915792 0.03342847404002963 0.042341463222500424
3 0.11908893876760546 0.19792172343540904 0.01810709010501604 0.027571185354186376
3 0.6145964237567942 0.3352853076107302 0.02437492898752147 0.054157685517151714
3 0.534159158097973 0.6917413468327106 0.05153556414504564 0.02461712978052347
3 0.4610343711354082 0.4736335769772724 0.012535677765011072 0.04529551879616328
3 0.6891140638043604 0.07089733376790772 0.02158922281751913 0.05120362994348891
5 0.18977623283141806 0.16247305655145516 0.038303459837533894 0.03741803726639576
4 0.21101724237768685 0.23977084406229898 0.05710697648505054 0.01673964825075597
4 0.10307112829009128 0.3786114560244516 0.026464208615023424 0.050218944752267944
4 0.19116908591641932 0.37418037266395726 0.02855348824252527 0.05120362994348888
3 0.08426761164257462 0.41652183588645775 0.018107090105016033 0.019693703824418804
3 0.16749058347139834 0.41553715069523683 0.018803516647516644 0.023632444589302536
4 0.08008905238757091 0.4879115122499759 0.018107090105016023 0.04431083360494235
4 0.10272291501884094 0.4908655678236387 0.016017810477514178 0.046280203987384215
4 0.1257049909213613 0.4913579104192493 0.021589222817519113 0.04923425956104701
4 0.16540130384389648 0.4903732252280284 0.022982075902520372 0.04332614841372141
4 0.18803516647516652 0.4938196233973017 0.016714237020014764 0.058096426282035554
4 0.21136545564893716 0.48938854003680743 0.021589222817519092 0.04529551879616328
4 0.34890969779280895 0.4381849100933185 0.016714237020014833 0.03544866688395388
4 0.3910435036140963 0.4367078823064871 0.021589222817519058 0.04037209284005861
2 0.6636944950030877 0.7242359581430017 0.058499829570051676 0.028555870545407345
4 0.2218118537864464 0.06991264857668676 0.03412490058253024 0.019693703824418804
2 0.7232389643868905 0.23583210329741525 0.02298207590252048 0.06203516704691928
4 0.7225425378443898 0.3072217796609334 0.024374928987521683 0.045295518796163316
4 0.19047265937391866 0.11520816737285003 0.028553488242525304 0.037418037266395705
4 0.19674049825642423 0.3047600666828811 0.05223199068754624 0.06597390781180305
