3 0.11908893876760544 0.20087577900907186 0.02089279627501847 0.03741803726639574
3 0.3095615981415241 0.10388428767380922 0.022982075902520372 0.04037209284005856
3 0.6838908647356056 0.10043788950453593 0.03760703329503329 0.08271355606255902
3 0.6180785564692974 0.3697492893034632 0.025767782072522748 0.05218831513470988
3 0.5376412908104761 0.7296517266947169 0.05153556414504564 0.031509926119070004
3 0.18873159301766712 0.514005669817331 0.015321383935013557 0.03347929650151194
4 0.19012444610266838 0.1521338620436353 0.015321383935013557 0.03249461131029102
4 0.223552920142698 0.10437663026941969 0.025071355530022182 0.015754963059535054
4 0.20544583003768188 0.29540555736628216 0.03899988638003453 0.04923425956104708
4 0.25106176857147233 0.3973204746576495 0.021589222817519092 0.05218831513470995
4 0.21066902910643656 0.47757231774215614 0.02855348824252527 0.041356778031279406
4 0.16400845075889525 0.5952421980930584 0.018803516647516644 0.05218831513470981
4 0.18664231339016527 0.5986885962623317 0.015321383935013557 0.04923425956104701
4 0.20962438929268565 0.5957345406886689 0.0167142370200148 0.04726488917860514
4 0.23121361211020477 0.5977039110711108 0.015321383935013594 0.04529551879616335
4 0.2514099818427226 0.5981962536667212 0.019499943190017285 0.050218944752267944
4 0.3924363566990975 0.47806466033776657 0.02437492898752154 0.048249574369826076
3 0.4620790109491591 0.5095745864568366 0.014624957392512883 0.03052524092784907
2 0.7228907511156402 0.27571185354186334 0.022285649360019734 0.05120362994348895
4 0.7194086184031372 0.34217810394927684 0.02367850244502094 0.046280203987384284
