4 0.09514140064954947 0.27716419852861934 0.014271210097432405 0.024996240716108887
2 0.0939521331414301 0.3025280310199651 0.01284408908768917 0.02720179136753025
3 0.13629005643047962 0.4102324211643755 0.025212471172130612 0.016174038110423367
3 0.07920521604074994 0.5024979567488362 0.014746917100680159 0.015438854559949604
3 0.19836982035431064 0.2911326859876213 0.012368382084441442 0.014703671009475805
1 0.23975632963686466 0.23231800194971805 0.017125452116918894 0.038229544624637166
4 0.24189701115147955 0.08307574120353842 0.025212471172130612 0.029407342018951645
5 0.2996954120460808 0.5502848875296329 0.032348076220846844 0.038964728175110895
3 0.31111238012402676 0.5638857832133979 0.018076866123414383 0.00882220260568559
1 0.29898185154120915 0.4918377952669664 0.022358229152644106 0.04117027882653226
1 0.3015982400590718 0.602115327838035 0.019028280129909873 0.0367591775236896
1 0.27781288989668446 0.6326254451826975 0.022833936155891833 0.01837958876184473
1 0.3199129596841101 0.633728220508408 0.021406815146148686 0.022055506514213688
1 0.2799535714112993 0.6590920529997538 0.020455401139653127 0.01984995586279254
1 0.32086437369060555 0.6598272365502277 0.020455401139653162 0.019849955862792257
1 0.27900215740480383 0.6840882937158628 0.023309643159139595 0.016909221660897204
1 0.3206265201889817 0.6844558854910997 0.02093110814290089 0.02205550651421376
1 0.2792400109064277 0.7090845344319717 0.021882522149396344 0.0198499558627924
1 0.3211022271922295 0.7083493508814979 0.021882522149396413 0.019849955862792257
1 0.2809049854177948 0.7333455915976068 0.02235822915264414 0.01984995586279254
1 0.3199129596841101 0.7337131833728437 0.019503987133157673 0.02205550651421376
3 0.442407513020405 0.718641920588131 0.015222624103927985 0.016909221660897204
1 0.414102946327164 0.521245137285918 0.01284408908768917 0.0367591775236896
2 0.472614907726637 0.5102173840288112 0.023309643159139595 0.03234807622084681
4 0.5099579074815851 0.8017176617916694 0.010465554071450356 0.024261057165635123
4 0.5701348433924253 0.8013500700164325 0.009989847068202877 0.027936974918004155
4 0.628884658293522 0.8013500700164325 0.008562726058459376 0.029407342018951822
