3 0.3464722048940568 0.11126942660796628 0.02994634132752651 0.03741803726639574
3 0.17236556926890267 0.20973794573006033 0.021589222817519092 0.045295518796163246
3 0.5167484945354576 0.48200340110265033 0.022285649360019803 0.04824957436982601
3 0.6497659641530754 0.7001111709580886 0.034821327125030735 0.03150992611907014
4 0.2615081667089816 0.2525717515481712 0.050839137602545 0.03052524092784914
4 0.2503653420289717 0.3091911500433753 0.050839137602545034 0.05514237070837265
4 0.2423564367902146 0.363348835560527 0.0278570617000247 0.03938740764883768
3 0.22320470687144767 0.40815201176107985 0.017410663562515437 0.03052524092784921
4 0.19813335134142546 0.49086556782363877 0.022982075902520337 0.04431083360494228
4 0.22355292014269795 0.4913579104192493 0.01810709010501604 0.04923425956104701
4 0.2434010766039655 0.49037322522802834 0.017410663562515437 0.04923425956104708
4 0.2639456596077337 0.48988088263241786 0.0167142370200148 0.04628020398738414
4 0.286927735510254 0.4908655678236387 0.019499943190017285 0.046280203987384215
4 0.4025345415653564 0.4519705027704116 0.01810709010501604 0.045295518796163205
4 0.4467576270141456 0.4495087897923593 0.02158922281751913 0.04037209284005854
2 0.7880066328394477 0.7316210970771587 0.06337481536755618 0.03347929650151201
4 0.24096358370521337 0.13490187119726882 0.022285649360019696 0.0610504818556983
4 0.27822240372899637 0.08222121346694852 0.03830345983753393 0.01870901863319787
