1 0.14595555781464975 0.09924977931396184 0.015136131921519223 0.026065598607707158
1 0.16433514657649453 0.1921502461465591 0.018163358305823073 0.015372019691724753
4 0.22942051383902723 0.13366973644978025 0.02724503745873463 0.01203027628048023
4 0.23006920520709237 0.19248442048768355 0.02508273289851761 0.01470367100947584
3 0.21666291693374673 0.3117846602691124 0.010379061889041773 0.01804541442072029
1 0.16455137703251624 0.30977961422236566 0.017730897393779674 0.02740229597220491
1 0.1693084470649937 0.3702651699658912 0.022920428338300543 0.017377065738471417
3 0.23677234934376515 0.5941619785192732 0.009081679152911519 0.012030276280480265
1 0.14573932735862802 0.5640862878180727 0.010379061889041773 0.022723855196462424
3 0.22790690064687533 0.5289979820000054 0.016433514657649476 0.010025230233733496
3 0.2715854527632594 0.6543133599216742 0.012108905537215442 0.008020184186986938
3 0.2266095179107451 0.6715066226746649 0.012973827361302205 0.012698624962729213
2 0.17925504804199208 0.7593944743903955 0.032434568403255495 0.03074403938344929
3 0.6028505113885089 0.9204665068123807 0.013838749185389077 0.014703671009475698
