4 0.13530054016779683 0.1529709228824273 0.05177565797034825 0.07838179519595448
4 0.1362774393747845 0.23072060682680154 0.05763705321227444 0.041719342604298326
4 0.14311573382369844 0.31479140328697847 0.08108263417997932 0.060682680151706664
4 0.13969658659924147 0.39317319848293303 0.06838294448913919 0.06573957016434889
4 0.14165038501321686 0.4696586599241466 0.08010573497299162 0.06447534766118843
4 0.13871968739225377 0.5398230088495575 0.056660154005286734 0.05056890012642235
4 0.1401850362027353 0.6156763590391909 0.06349844845420066 0.050568900126422206
4 0.13774278818526609 0.6921618204804045 0.05666015400528677 0.05183312262958296
4 0.13969658659924147 0.7648546144121365 0.05079875876336054 0.053097345132743355
4 0.13725433858177222 0.8470290771175726 0.04396046431444661 0.058154235145385653
