1 0.11886253036649844 0.41365102467407877 0.023599824431120738 0.051595181572250653
1 0.16088172996337197 0.417209313058372 0.023599824431120756 0.04269946061151785
1 0.11799912215560378 0.47191799696687925 0.025326640852910066 0.040030744323298034
1 0.15886711080461777 0.4745867132550991 0.027629062748629155 0.04714732109188425
1 0.20462774598203481 0.41498538281818875 0.024751035378980327 0.04536817689973773
1 0.20174971861238597 0.4745867132550991 0.02475103537898029 0.043589032707591076
1 0.24463232642015412 0.47369714115902584 0.024175429905050585 0.04714732109188425
1 0.29758803002169343 0.4465651922287905 0.03223390654006735 0.021349730305758926
1 0.34565108709482956 0.4772554295433189 0.02129740253540163 0.04180988851544456
1 0.38709468121777335 0.47191799696687925 0.015541347796103864 0.04180988851544456
1 0.3891093003765275 0.41409581072211554 0.02417542990505055 0.04180988851544448
1 0.42825047260375215 0.41676452701033534 0.021873008009331372 0.04536817689973759
1 0.42853827534071715 0.4705836388227692 0.018994980639682524 0.037362028035078085
1 0.48063057073136173 0.4163197409622987 0.01611695327003375 0.046257748995810886
1 0.4809183734683266 0.47102842487080593 0.021297402535401702 0.036472455939004715
1 0.548552016655075 0.4194332432985552 0.024175429905050477 0.043589032707591145
1 0.5476886084441804 0.47013885277473266 0.01669255874396342 0.03647245593900493
1 0.5992052983608953 0.4136510246740789 0.01841937516575278 0.037362028035078085
1 0.6017955229935792 0.47369714115902584 0.02820466822255888 0.04536817689973766
1 0.642951314379558 0.4167645270103354 0.02417542990505055 0.043589032707591076
1 0.6438147225904528 0.4705836388227694 0.02014619158754222 0.037362028035078154
1 0.6869851331351859 0.4750314993031357 0.024751035378980362 0.042699460611517775
1 0.732457965575638 0.44478604803664396 0.03165830106613754 0.01779144192146582
1 0.7750527706464413 0.47102842487080593 0.016692558743963276 0.04180988851544448
1 0.8179353784542096 0.41409581072211543 0.018419375165752854 0.043589032707591145
1 0.8156329565584903 0.47147321091884264 0.01726816421789323 0.042699460611517775
1 0.8590911698401885 0.41409581072211543 0.01669255874396356 0.043589032707591145
1 0.8611057889989426 0.4741419272070624 0.020721797061471817 0.04092031641937119
1 0.9031249885958161 0.41543016886622547 0.025326640852910032 0.04981603738010407
1 0.9034127913327811 0.4754762853511724 0.027053457274699325 0.043589032707591145
