5 0.10426320667284522 0.12747345657935388 0.025023169601482865 0.05463148139115166
5 0.10333642261353106 0.27836040518348704 0.01575532900834105 0.04942848316342289
5 0.10565338276181649 0.6022470448596005 0.027803521779425397 0.06763897696047351
5 0.09916589434661724 0.8045136009625549 0.018535681186283598 0.0507292327203551
5 0.5041705282669138 0.6965513877371836 0.018535681186283525 0.045526234492626404
5 0.5027803521779426 0.5950929222964735 0.025023169601482848 0.0507292327203551
5 0.7423540315106579 0.12877420613628604 0.024096385542168548 0.054631481391151676
5 0.7414272474513439 0.27575890606962267 0.022242817423540232 0.05202998227728731
5 0.7455977757182576 0.48973220818496666 0.03799814643188142 0.02731574069557581
5 0.8067655236329935 0.49103295774189887 0.03985171455050974 0.027315740695575883
5 0.9304911955514364 0.48973220818496666 0.035217794253938735 0.02731574069557581
5 0.7354031510658017 0.7908557306147668 0.019462465245597683 0.06243597873274481
5 0.7363299351251159 0.9703591694714081 0.025023169601482778 0.04942848316342292
4 0.1566265060240964 0.1320260800286165 0.02780352177942543 0.03251873892330455
4 0.06672845227062094 0.09820659154837977 0.018535681186283605 0.019511243353982747
4 0.06580166821130677 0.13007495569321825 0.018535681186283605 0.018210493797050552
4 0.06719184430027804 0.16129294505959063 0.019462465245597783 0.013007495569321837
4 0.06672845227062094 0.2432401671463181 0.02038924930491196 0.02081199291091494
4 0.06626506024096386 0.2738077817342244 0.021316033364226133 0.016909744240118377
4 0.06719184430027804 0.31022876932832555 0.023169601482854497 0.022112742467847148
4 0.15708989805375348 0.27771003040502096 0.02873030583873959 0.0403232362648977
4 0.20250231696014828 0.2341349202477928 0.017608897126969437 0.03121798936637237
4 0.2006487488415199 0.16584556850885324 0.015755329008341014 0.040323236264897686
4 0.27942539388322524 0.17104856673658198 0.015755329008341014 0.03772173715103328
4 0.2789620018535681 0.23348454546932673 0.014828544949026856 0.02731574069557581
4 0.2766450417052827 0.31738289189145247 0.025023169601482813 0.031217989366372337
4 0.28035217794253936 0.377867746288799 0.02131603336422611 0.029917239809440232
4 0.19833178869323448 0.31738289189145247 0.012974976830398504 0.028616490252508023
4 0.20111214087117701 0.3772173715103328 0.018535681186283598 0.028616490252508058
4 0.21733086190917514 0.43640147635074716 0.025023169601482848 0.019511243353982764
4 0.25996292863762743 0.4364014763507471 0.017608897126969437 0.016909744240118343
4 0.340129749768304 0.691998764287921 0.0315106580166821 0.028616490252507988
4 0.3887859128822984 0.6965513877371836 0.021316033364226144 0.02471424158171146
4 0.4392956441149212 0.6952506381802515 0.01668211306765521 0.019511243353982764
4 0.5583873957367933 0.5222509471082712 0.012048192771084345 0.027315740695575883
4 0.6311399443929564 0.5229013218867373 0.009267840593141728 0.023413492024779287
4 0.675625579240037 0.1307253304716843 0.02409638554216869 0.024714241581711444
4 0.7187210379981464 0.1307253304716843 0.012048192771084416 0.022112742467847096
4 0.8160333642261353 0.13137570525015044 0.017608897126969367 0.013007495569321837
4 0.7655236329935124 0.1320260800286165 0.012974976830398504 0.01951124335398273
4 0.8067655236329935 0.3986797391997139 0.01760889712696951 0.027315740695575883
4 0.7446709916589436 0.3980293644212478 0.012048192771084274 0.023413492024779287
4 0.7455977757182576 0.4591645935970604 0.01575532900834105 0.018210493797050517
4 0.7998146431881372 0.7719948620392504 0.018535681186283598 0.0663382274035412
4 0.6714550509731232 0.7921564801716992 0.01575532900834105 0.041623985821830016
4 0.7113067655236329 0.7889046062793686 0.012048192771084416 0.029917239809440162
