4 0.29832296022561505 0.6605562579013906 0.1113517455995332 0.06447534766118829
4 0.29749197704949915 0.7262958280657394 0.11633764465622871 0.06447534766118836
4 0.29749197704949915 0.8141592920353983 0.10304191383837402 0.09608091024020225
4 0.3938860254789458 0.6605562579013906 0.0565068559758825 0.06194690265486727
4 0.391393075950598 0.7256637168141593 0.05816882232811437 0.058154235145385653
4 0.3963789750072935 0.7932996207332491 0.051520956919186955 0.0594184576485462
4 0.39554799183117767 0.8584070796460176 0.06980258679373726 0.06573957016434875
4 0.6215754157347076 0.6573957016434891 0.049858990566955225 0.04804045512010106
4 0.618251483030244 0.7142857142857143 0.03988719245356421 0.037926675094816745
4 0.6265613147914033 0.7914032869785081 0.05318292327141883 0.042983565107458904
4 0.6240683652630554 0.8381795195954489 0.05816882232811437 0.042983565107458904
