5 0.26693375050751705 0.2281921618204804 0.10178049479783023 0.08470290771175726
5 0.7422294573464413 0.23135271807838179 0.09793972140923288 0.09355246523388118
5 0.15027025882887202 0.538558786346397 0.06625334095330458 0.06321112515802789
5 0.2549313336681503 0.5366624525916562 0.06241256756470723 0.06953223767383065
5 0.3600725051810032 0.534134007585335 0.0672135343004539 0.0670037926675095
5 0.7287867504863504 0.5265486725663716 0.07489508107764863 0.07206068268015166
5 0.8209653118126874 0.527180783817952 0.059531987523259174 0.07332490518331226
5 0.9222657099369429 0.5233881163084704 0.0643329542590061 0.06826801517067003
3 0.11138242826932367 0.5543615676359039 0.023044640331584213 0.03919089759797721
3 0.21940417982362462 0.5530973451327433 0.0182436735958375 0.04171934260429829
3 0.6846178565174807 0.5922882427307206 0.0422485072745711 0.013906447534766074
3 0.787838641336035 0.5493046776232617 0.020164060290136093 0.04171934260429843
3 0.8848181693981186 0.5480404551201011 0.022084446984435003 0.04171934260429836
4 0.13970813201022925 0.4848293299620734 0.045129087316019036 0.03413400758533505
4 0.2525308503002769 0.4823008849557522 0.04993005405176579 0.04424778761061951
4 0.361992891875302 0.4823008849557522 0.05185044074606445 0.04424778761061951
4 0.7230255904034544 0.47724399494311 0.04993005405176575 0.04930467762326174
4 0.821445408486262 0.4740834386852086 0.06625334095330458 0.04551201011378005
4 0.9193851298954949 0.4747155499367889 0.06625334095330458 0.04930467762326174
2 0.3624729885488766 0.6965865992414665 0.04704947401031774 0.04551201011377998
2 0.7307071371806493 0.6965865992414665 0.03648734719167493 0.04551201011377998
1 0.14594938876669997 0.640960809102402 0.026885413720181574 0.030341340075853297
1 0.25397114032100093 0.6390644753476612 0.024004833678733562 0.026548672566371678
1 0.2030808929220858 0.6795195954487988 0.020164060290136163 0.026548672566371608
1 0.2544512369945756 0.733881163084703 0.02112425363728555 0.021491782553729452
1 0.1469095821138493 0.7345132743362832 0.028805800414480255 0.027812895069532148
1 0.8219255051598366 0.6346396965865992 0.01920386694298685 0.03034134007585344
1 0.9184249365483456 0.6340075853350189 0.018243673595837607 0.02402022756005053
1 0.8204852151391127 0.7281921618204805 0.02208444698443486 0.032869785082174446
1 0.9179448398747709 0.7275600505689002 0.023044640331584248 0.02402022756005053
1 0.8766565259473492 0.6750948166877371 0.02304464033158439 0.02528445006321107
