5 0.4303489691972141 0.37283914092397374 0.04256377120787846 0.029626275171063268
1 0.413940797853719 0.3462257072957305 0.012346742793125073 0.020587750542603374
1 0.44318308341638357 0.34497035665288883 0.012346742793125145 0.02209417131401324
1 0.41572782641588185 0.399452574552217 0.01137199994103625 0.01857918951405651
1 0.44334554055839837 0.400205784937922 0.008122857100740219 0.021089890799740017
3 0.45504245478346417 0.3944311719808503 0.007473028532680956 0.013557786942689987
4 0.4158902835578966 0.5611417373502231 0.022094171314013096 0.014562067456963278
4 0.4142657121377485 0.582231628149963 0.018195199905658016 0.01857918951405658
4 0.41589028355789653 0.6088450617782062 0.016895542769539487 0.023600592085423245
1 0.13777990214275476 0.5587063571031103 0.017512879909195807 0.016018274202659697
1 0.1372437935741059 0.5802481741342733 0.01572585134703294 0.016018274202659697
1 0.1374224964303222 0.6037232311554124 0.015368445634600398 0.0132565027884079
3 0.1876379990270979 0.3946571350965618 0.015011039922167839 0.01491356563695895
1 0.07380427961732519 0.35737322100416447 0.011079577085409591 0.02098946274831256
1 0.08810050811462787 0.3570970438627393 0.008220331385949055 0.021541817031162935
1 0.10275414232436315 0.35820175242844 0.010364765660544464 0.020437108465462258
1 0.18245561619682568 0.23557910163566642 0.018227691334060943 0.011599439939856992
1 0.18245561619682568 0.24745471871694857 0.016798068484330672 0.007732959959904662
1 0.1835278333341234 0.2562923872425539 0.019657314183791214 0.009942377091305942
3 0.21676656459035215 0.15300213634954182 0.02037212560865637 0.013256502788407919
4 0.07344687390489262 0.06959663963914178 0.011794388510274726 0.028722422708217232
4 0.08863661668327673 0.06821575393201595 0.010007359948111886 0.03148419412246889
4 0.10400506231787712 0.06711104536631528 0.009292548523246768 0.029274776991067553
2 0.0757700110357043 0.10826143943866498 0.01501103992216783 0.03314125697101991
2 0.08881531953949302 0.1041187823172875 0.010364765660544445 0.03258890268816957
2 0.10400506231787712 0.10384260517586233 0.01358141707243755 0.030931839839618575
3 0.13384843930599652 0.11737528510569546 0.010364765660544445 0.021541817031162935
1 0.1372437935741059 0.7191652762711317 0.01715547419676323 0.015465919919809466
1 0.1370650907178896 0.7409832704437198 0.01679806848433065 0.017122982768360374
1 0.13795860499897106 0.762801264616308 0.017870285621628384 0.017675337051210535
1 0.13777990214275476 0.8790718411563025 0.017512879909195807 0.014913565636958736
1 0.1384947135676199 0.8997851267631901 0.021801748458386623 0.017675337051210674
1 0.13903082213626874 0.922984006642904 0.022159154170819217 0.019884754182611885
2 0.29789766131254497 0.17647719337068093 0.015368445634600434 0.016018274202659624
2 0.29700414703146355 0.1880766333105379 0.019299908471358655 0.010494731374156317
2 0.2984337698811938 0.19884754182611936 0.018585097046493537 0.014361211354108611
4 0.41441192356556195 0.7210985162611078 0.018227691334060978 0.019332399899761724
4 0.41423322070934576 0.7420879790094205 0.017155474196763193 0.01712298276836023
4 0.4151267349904271 0.7658392131719848 0.018942502758926026 0.018227691334060835
4 0.41459062642177824 0.8804152977629033 0.01929990847135862 0.014913565636958878
4 0.4149480321342108 0.9011285833697907 0.019299908471358693 0.015465919919809324
4 0.41566284355907596 0.9254321718152053 0.020014719896223738 0.01878004561691114
3 0.5391465172045281 0.14803094780388887 0.016798068484330672 0.026513005576815907
1 0.5688111913364311 0.19995225039182002 0.01679806848433074 0.014361211354108611
1 0.5702408141861613 0.2344743930699657 0.018942502758925953 0.020437108465462296
1 0.5702408141861615 0.26982506717238697 0.020372125608656404 0.027065359859666245
2 0.6340377338553748 0.31926077548749165 0.012151794222707296 0.026513005576815907
2 0.6572691051634917 0.31815606692179105 0.016440662771898075 0.027617714142516583
5 0.646904339502947 0.3518496781756612 0.04074425121731266 0.03424596553672053
3 0.6595922422943034 0.38830506084378313 0.015368445634600363 0.013256502788408042
2 0.588825911232655 0.3736676723482493 0.02537580558271223 0.023751234162564215
4 0.8236414643008517 0.1980190104018439 0.02466099415784697 0.025960651293965603
4 0.8247136814381494 0.2350267473528161 0.019657314183791214 0.023751234162564253
4 0.8254284928630145 0.2673394728995605 0.0167980684843306 0.023198879879713915
