1 0.3295219453773898 0.31035469257502246 0.011601889017151592 0.023803014769765766
1 0.30900640992023154 0.41472175733476463 0.013016753531438354 0.018676211588585474
1 0.3534331556688363 0.41490485744837813 0.014714590948582469 0.01831001136135832
1 0.31169465249737643 0.49272240573415077 0.012733780628581002 0.017943811134131096
1 0.35300869631455023 0.49253930562053716 0.013299726434295707 0.01831001136135825
1 0.3109872202402331 0.5718216548152185 0.01301675353143832 0.01574660977076803
1 0.3541405879259797 0.5720047549288321 0.01386567224001034 0.01757761090690394
1 0.3320687015031061 0.6554984067366257 0.011601889017151663 0.019042411815812697
1 0.5110490625603831 0.6062444761745719 0.012450807725723578 0.018676211588585546
1 0.5096341980460961 0.49199000527969644 0.012450807725723578 0.017943811134131096
1 0.4233274626746029 0.4914407049388557 0.013582699337153059 0.01757761090690394
1 0.4896846083946528 0.4136231566530831 0.01046999740572211 0.018676211588585404
1 0.5334039218861141 0.4138062567666967 0.014148645142867622 0.016845210452449636
1 0.5083608199832381 0.3096222921205682 0.011601889017151592 0.018676211588585474
1 0.6010344456690219 0.3090729917797274 0.015280536754297245 0.0197748122702669
1 0.6904538829719461 0.3087067915525003 0.013582699337152917 0.02270441408808427
1 0.6925761797433762 0.41435555710753746 0.013865672240010412 0.020141012497494087
1 0.6001855269604498 0.41435555710753746 0.015280536754297103 0.021605813406402774
1 0.6021663372804513 0.5359340325469563 0.014148645142867622 0.018676211588585474
1 0.6934250984519482 0.5361171326605698 0.013299726434295564 0.014648009089086571
1 0.6018833643775939 0.6534843054868762 0.013016753531438354 0.01940861204303971
1 0.6934250984519482 0.654033605827717 0.016695401268583935 0.019774812270266864
1 0.5117564948175263 0.7203158469558337 0.01612945546286916 0.018310011361358108
