2 0.2027500848972948 0.20049462440687293 0.021222967714301644 0.010619806589587775
2 0.2027500848972948 0.2259455401991609 0.013865672240010412 0.008056404998997664
1 0.29216952220021897 0.19793122281628278 0.030278100605736925 0.020141012497494087
1 0.29301844090879103 0.22539623985832016 0.02518458835430458 0.01794381113413113
1 0.39828436077172713 0.21202993156452862 0.010469997405722253 0.019042411815812593
1 0.42162962525745884 0.21221303167814223 0.011318916114294168 0.015746609770768104
1 0.43889097233175745 0.21257923190536943 0.01584648256001188 0.02160581340640274
1 0.5850464766575812 0.21715673474570896 0.01839323868572805 0.02709881681481022
1 0.39842584722315577 0.38103133642986536 0.021505940617159 0.027465017042037375
1 0.43549529749746924 0.3793834354073431 0.014714590948582469 0.02709881681481029
1 0.45756718392034296 0.3797496356345703 0.016412428365726584 0.0307608190870819
1 0.479497583891788 0.3835947380204555 0.01726134707429864 0.031127019314309053
1 0.5007205516060895 0.381214436543479 0.01612945546286923 0.029296018178173285
1 0.5212360870632478 0.3806651362026382 0.016412428365726442 0.026732616587582997
1 0.29669708864593664 0.5165254205039165 0.02575053416001925 0.01574660977076803
1 0.2961311428402219 0.5540609437947009 0.02688242577144873 0.017577610906903872
2 0.2028915713487235 0.5159761201630758 0.01301675353143832 0.011718407271269271
2 0.20529684102301102 0.5564412452716776 0.01612945546286923 0.012084607498496354
1 0.6587609178519223 0.4436515752857106 0.009621078697150266 0.021605813406402774
1 0.6755978055719347 0.44475017596739214 0.009904051600007194 0.018676211588585404
1 0.71464806616625 0.4442008756265514 0.011601889017151592 0.01831001136135832
1 0.7316264403376911 0.4423698744904155 0.009904051600007336 0.019042411815812628
3 0.6951229358690924 0.4773419961906098 0.011601889017151734 0.009155005680679125
3 0.6736169952519333 0.28490377678273454 0.009904051600007619 0.010986006816814999
