1 0.25706653592312123 0.6883691529709229 0.07154602617925057 0.1150442477876107
1 0.36688136680290123 0.5429835651074589 0.08818463691861111 0.09228824273072064
1 0.5540657376207079 0.5448798988621998 0.11314255302765204 0.08343868520859679
1 0.36937715841380525 0.6403286978508217 0.08319305369680301 0.08217446270543612
1 0.5440825711770916 0.6472819216182049 0.05324355436595397 0.10113780025284463
1 0.36937715841380525 0.8236409608091024 0.07986533154893088 0.1175726927939317
1 0.5565615292316121 0.7989886219974716 0.0715460261792505 0.1087231352718078
1 0.7395862473645787 0.54551201011378 0.06821830403137852 0.09228824273072057
1 0.7387543168276105 0.6333754740834386 0.07320988725318657 0.0733249051833122
1 0.7337627336058025 0.7161820480404552 0.07986533154893095 0.08217446270543619
1 0.747905552734259 0.8154235145385588 0.08152919262286687 0.09355246523388118
