1 0.2406347464037119 0.17814126009915626 0.01601910033946563 0.037673378268703726
1 0.26710108609500294 0.1797558334535293 0.01601910033946563 0.03874976050495242
1 0.24028650509198443 0.23411313638408757 0.016715582962920656 0.03552061379620639
1 0.4046564042273708 0.17867945121728063 0.013929652469100589 0.038749760504952435
1 0.43216746785384436 0.17814126009915626 0.016019100339465665 0.037673378268703726
1 0.4554996357395878 0.17921764233540496 0.012536687222190394 0.04197890721369852
1 0.5759911295973076 0.1802940245716536 0.015322617716010569 0.044131671686195834
1 0.6028057106003261 0.18029402457165364 0.014626135092555614 0.03552061379620639
1 0.6240484306157044 0.1797558334535293 0.01532261771601064 0.03874976050495242
1 0.7487188202141545 0.17921764233540496 0.012536687222190465 0.039826142741201116
1 0.7741404359702628 0.17760306898103193 0.014626135092555614 0.03659699603245505
1 0.7494153028376094 0.2346513275022119 0.01671558296292062 0.03444423155995771
1 0.5745981643503976 0.2341131363840876 0.013929652469100447 0.039826142741201095
1 0.6014127453534159 0.2373422830928336 0.021590961327105803 0.03982614274120113
1 0.40535288685082593 0.2330367541478389 0.013929652469100447 0.03552061379620639
1 0.43077450260693423 0.23465132750221193 0.014626135092555543 0.038749760504952456
1 0.24411715952098703 0.5306973449955761 0.016019100339465596 0.040902524977449846
1 0.27093174052400554 0.5312355361137004 0.018108548209830707 0.04197890721369859
1 0.29461214972147654 0.5323119183499492 0.018108548209830707 0.04197890721369845
1 0.41092474783846605 0.5339264917043222 0.018108548209830672 0.043055289449947194
1 0.434605157035937 0.5290827716412031 0.019501513456740723 0.03552061379620639
1 0.4582855662334079 0.5306973449955761 0.013929652469100589 0.036596996032455135
1 0.4823142167426063 0.5317737272318248 0.017412065586375647 0.036596996032455135
1 0.5787770600911276 0.5301591538774518 0.016715582962920833 0.03982614274120124
1 0.6062881237176012 0.5306973449955762 0.016019100339465738 0.03874976050495249
1 0.6282273263564345 0.5301591538774518 0.012536687222190394 0.03552061379620646
1 0.6508630116187228 0.5306973449955761 0.016019100339465665 0.040902524977449846
1 0.754638922513522 0.5350028739405708 0.016019100339465665 0.040902524977449846
1 0.7786675730227205 0.5312355361137004 0.016715582962920764 0.04197890721369859
1 0.8051339127140115 0.5317737272318248 0.020894478703650635 0.040902524977449846
1 0.24411715952098703 0.5855928390442587 0.014626135092555543 0.03444423155995779
1 0.408835299968101 0.5839782656898858 0.013929652469100518 0.03552061379620639
1 0.5805182666497651 0.5850546479261345 0.014626135092555686 0.039826142741201095
1 0.7539424398900669 0.5845164568080101 0.016019100339465808 0.036596996032455135
1 0.24481364214444207 0.7185260452209706 0.013233169845645492 0.037673378268703886
1 0.2716282231474606 0.7201406185753436 0.013929652469100481 0.040902524977449846
1 0.294960391033204 0.7201406185753436 0.013233169845645492 0.03874976050495249
1 0.4098800239032835 0.7228315741659651 0.014626135092555543 0.0376733782687036
1 0.43599812228284707 0.7185260452209706 0.012536687222190536 0.03552061379620639
1 0.4589820488568629 0.7222933830478407 0.013929652469100518 0.0409025249774497
1 0.48057301018396886 0.7179878541028463 0.013929652469100589 0.036596996032455135
1 0.5787770600911276 0.719064236339095 0.01532261771601064 0.043055289449947194
1 0.6059398824058736 0.7212170008115922 0.011143721975280414 0.043055289449947055
1 0.6275308437329795 0.7196024274572193 0.019501513456740723 0.04197890721369859
1 0.6512112529304506 0.7196024274572193 0.018108548209830957 0.04197890721369859
1 0.7528977159548842 0.7212170008115919 0.016715582962920923 0.03874976050495277
1 0.7790158143344479 0.7196024274572191 0.022983926574016066 0.046284436158693154
1 0.8030444648436463 0.7206788096934679 0.013929652469100376 0.037673378268703886
1 0.24655484870307964 0.7755743037421504 0.01950151345674076 0.03982614274120096
1 0.4098800239032835 0.7755743037421504 0.017412065586375647 0.041978907213698305
1 0.5805182666497651 0.7750361126240262 0.018805030833285698 0.03659699603245485
1 0.7528977159548844 0.7761124948602748 0.02089447870365092 0.036596996032455
