5 0.1740327738895699 0.09292035398230089 0.22482702846977928 0.0720606826801517
5 0.46714060359831927 0.10872313527180782 0.20484240371691 0.11378002528445005
5 0.6836407050877363 0.11188369152970924 0.1748654665876061 0.11504424778761063
5 0.8959773430869723 0.08912768647281923 0.18319239356796843 0.06447534766118836
5 0.17736354468171478 0.29898862199747156 0.21816548688548956 0.09734513274336283
5 0.17236738849349748 0.4140328697850822 0.21816548688548956 0.07711757269279396
5 0.5512425660999775 0.3027812895069532 0.2931078297087493 0.10493046776232613
5 0.848513859298908 0.3185840707964601 0.2581347363912282 0.1314791403286979
5 0.17819623737975104 0.5739570164348925 0.3164232252537635 0.19721871049304682
5 0.5470791026097963 0.5316055625790139 0.2881116735205319 0.14285714285714285
5 0.8410196250165819 0.5518331226295828 0.25313858020301083 0.1605562579013906
5 0.17403277388956995 0.1902654867256637 0.3247501522341257 0.08975979772439947
0 0.049128869184136954 0.7901390644753477 0.06161925965468026 0.11125158027812887
0 0.16737123230528014 0.7964601769911505 0.1182423631211432 0.11630847029077117
0 0.34473477698699495 0.8008849557522123 0.1898539351522581 0.10998735777496833
2 0.5520752587980137 0.7661188369152971 0.11824236312114315 0.02528445006321107
