3 0.1330174696176178 0.10683834324747203 0.018107090105015988 0.04037209284005856
3 0.30433839907276955 0.10733068584308249 0.019499943190017285 0.03544866688395386
3 0.4808825275966758 0.107823028438693 0.018803516647516717 0.04037209284005856
3 0.6532480968655784 0.10733068584308253 0.018107090105016113 0.037418037266395726
3 0.5421680633367301 0.29146681660139834 0.017410663562515295 0.01378559267709317
3 0.7155782724193835 0.2904821314101774 0.0118392512225104 0.011816222294651305
3 0.36806142771157596 0.2909744740057879 0.01601781047751423 0.00886216672098847
3 0.19430300535767206 0.2904821314101774 0.01392853085001235 0.01969370382441884
4 0.25524032782647604 0.4391695952845394 0.027160635157523993 0.04332614841372141
4 0.2573296074539779 0.6799251245380594 0.02437492898752158 0.04234146322250055
4 0.6055428787042861 0.6814021523248909 0.027160635157524027 0.04529551879616335
4 0.6051946654330359 0.44950878979235936 0.02367850244502094 0.05415768551715182
