5 0.5625875675093107 0.08217446270543614 0.09227626768671221 0.04551201011378003
5 0.12501945944651346 0.4905183312262958 0.08334630629767564 0.04804045512010106
5 0.2820379472037417 0.5625790139064475 0.09078794078853956 0.04551201011378005
5 0.44575390600274745 0.4646017699115044 0.08185797939950291 0.04677623261694052
5 0.8505788223057433 0.4551201011378002 0.08185797939950291 0.037926675094816675
5 0.708443603530243 0.5701643489254109 0.08036965250133023 0.040455120101137824
5 0.8743920526765081 0.7774968394437421 0.07292801801046622 0.042983565107458904
5 0.7032344593866384 0.8767383059418458 0.0759046718068116 0.04171934260429836
5 0.5372860102403735 0.768015170670038 0.08334630629767567 0.04171934260429836
5 0.41375487769203273 0.6871049304677623 0.0892996138903667 0.04930467762326174
