1 0.14638542264907667 0.4071757946248484 0.026818703386090378 0.025904429407019123
1 0.2648346959376425 0.4089027565853163 0.03128848728377207 0.027631391367487056
1 0.40675033468903726 0.4071757946248484 0.026818703386090305 0.03108531528842299
1 0.7593045396186835 0.41062971854578423 0.0257012574116699 0.029358353327954844
1 0.874401474983988 0.4071757946248484 0.0257012574116699 0.025904429407019123
1 0.6168301778800784 0.36788741002420267 0.026818703386090305 0.026767910387253055
4 0.6151540089184477 0.28197105249092264 0.050285068848919465 0.03799316313029465
1 0.4045154427401964 0.4766860135336829 0.02905359533493119 0.03194879626865685
1 0.43692137599838893 0.5120887337232757 0.026818703386090305 0.02504094842678512
1 0.5464310814915913 0.5112252527430418 0.024583811437249352 0.02504094842678512
1 0.6252110226882317 0.5125204742133928 0.023466365462829087 0.025904429407019123
1 0.43748009898559914 0.5721006618495366 0.021231473513988207 0.025904429407019192
1 0.1475028686234971 0.7275272382916512 0.024583811437249494 0.02590442940701905
1 0.21231473513988217 0.7698378063231158 0.0201140275395678 0.02417746744655119
1 0.27768532464347745 0.7694060658329989 0.027936149360510747 0.025040948426785264
1 0.3469669750575443 0.7681108443626479 0.021231473513988207 0.024177467446551047
1 0.41233756456113946 0.7694060658329989 0.024583811437249494 0.02676791038725284
1 0.6034208261870332 0.7689743253428817 0.022348919488408683 0.02417746744655119
1 0.667673969716208 0.7689743253428817 0.027936149360510712 0.027631391367486914
1 0.7391905120791157 0.7681108443626478 0.023466365462829087 0.0276313913674872
1 0.5402851286322788 0.7296859407422364 0.02793614936051078 0.02331398646631712
5 0.7481300798744792 0.49611433558894724 0.06816420443964631 0.043174049011698516
3 0.7313683902581727 0.5241774674465512 0.018996581565147323 0.009498290782573804
