4 0.27439205774524295 0.09009869499671605 0.043178445635038226 0.016739648250755988
3 0.3422936456390531 0.1157005099684605 0.03133919441252772 0.02264775939808164
4 0.23713323772145997 0.16690413991194938 0.022982075902520337 0.04037209284005858
3 0.1702762896414008 0.22352353840715344 0.020196369732517924 0.029540555736628206
5 0.2427046500614649 0.2574951775042759 0.038303459837533894 0.03249461131029101
4 0.1929101522726708 0.5888417443501224 0.023678502445020976 0.041356778031279406
4 0.21832972107394333 0.5922881425193957 0.022982075902520407 0.04431083360494228
4 0.23922251734896186 0.5932728277106166 0.016017810477514195 0.05218831513470974
4 0.2594188870814797 0.5967192258798899 0.0229820759025203 0.045295518796163205
4 0.28274917625525037 0.5937651703062271 0.02228564936001977 0.05120362994348881
3 0.21763329453144273 0.5110516142436681 0.017410663562515437 0.029540555736628137
4 0.3332401005865451 0.3091911500433753 0.02576778207252289 0.05317300032593078
3 0.5550519543729915 0.2501100385701189 0.020892796275018527 0.03938740764883761
3 0.6208642626392998 0.46181735468262103 0.020196369732517924 0.02363244458930261
3 0.7319442961681482 0.25404877933500264 0.015321383935013557 0.04529551879616328
3 0.791836978823201 0.4642790676606734 0.015321383935013415 0.016739648250755933
4 0.23887430407771157 0.46821780842555727 0.02367850244502101 0.038402722457616605
