5 0.4330129178347524 0.4273855669672244 0.06619305750340168 0.052240599304155214
5 0.43025487377211064 0.5971675147057288 0.07722523375396854 0.07836089895623274
5 0.6012536056558982 0.373055343690903 0.07722523375396854 0.048061351359822736
5 0.6060801827655212 0.42843037895330743 0.09791056422378162 0.048061351359822736
5 0.6019431166715586 0.49111909811829363 0.09791056422378162 0.056419847248487615
5 0.6067696937811817 0.5485837573528645 0.11032176250566941 0.05850947122065385
5 0.6074592047968421 0.6070932285735183 0.08963643203585633 0.056419847248487684
5 0.5978060505775961 0.6530649559611749 0.08687838797321476 0.04179247944332431
3 0.33361765145403394 0.8061772424548067 0.029010230561220318 0.018839585023286674
3 0.3626278820152543 0.8010748548443334 0.0372988678644262 0.013344706058161506
5 0.38231339561036815 0.779487830338484 0.033154549212823244 0.026689412116322586
5 0.3885298735877724 0.7292489369430529 0.035226708538624724 0.025119446697715517
3 0.35330316504914777 0.7386687294546965 0.026938071235418873 0.015699654186072252
