5 0.2725780336805542 0.2703009249386381 0.012970548105924032 0.014320578804696069
2 0.2603935793992317 0.2703009249386381 0.014542735755126905 0.02028748663998602
5 0.1829633376759885 0.4531866500902773 0.012970548105923995 0.013723888021167028
2 0.1935756043081081 0.4543800316573354 0.012970548105923995 0.019690795856457156
5 0.18355290804443958 0.48182780769966954 0.011005313544420333 0.010143743319992992
2 0.19534431541346137 0.48152946230790505 0.013363595018224714 0.010740434103521964
5 0.1817841969390863 0.5077838567831812 0.012184454281322523 0.011933815670580045
2 0.19554083886961174 0.5083805475667101 0.01454273575512687 0.009547052536464094
5 0.14975087358657702 0.5626794088678493 0.011791407369021787 0.011933815670579974
1 0.1892520882728001 0.5957957473537089 0.00904007898291674 0.024464322124689204
1 0.18925208827280013 0.6283153950560396 0.008253985158315302 0.019094105072927903
5 0.3657301518958265 0.22644415234925647 0.04441430108998219 0.024464322124689096
5 0.32406717919194955 0.28014632286686664 0.02318976782574296 0.012530506454109087
2 0.32347760882349846 0.6635201512842507 0.010219219719818895 0.007160289402347928
1 0.41387839865266574 0.7121504501418644 0.015721876492029097 0.038784900929385205
1 0.43647859610995754 0.7088686508324549 0.015328829579728379 0.04296173641408828
1 0.5536065759755742 0.7055868515230455 0.012184454281322487 0.032817993094095214
4 0.5536065759755741 0.6829126017489432 0.011398360456721051 0.019690795856457013
5 0.3684814802819317 0.6676969867689537 0.024761955474945765 0.025061012908218175
5 0.42822461095164216 0.33444518416800584 0.009040078982916597 0.013723888021167028
2 0.4282246109516422 0.3511525261068179 0.015328829579728307 0.017304032722341135
2 0.5443699735365071 0.15633298528459863 0.011005313544420262 0.028641157609392138
2 0.5620570845900397 0.8487926395700058 0.012577501193623348 0.025657703691747146
3 0.5272724328514253 0.8556545835805894 0.010612266632119614 0.015513960371754223
1 0.58917732153879 0.7076752692653969 0.007860938246014654 0.031027920743508162
4 0.5893738449949403 0.6793324570477693 0.00904007898291674 0.014917269588224969
4 0.6548161558930112 0.6790341116560049 0.007860938246014512 0.01670734193881202
1 0.6554057262614624 0.7073769238736324 0.007467891333713794 0.03401137466115316
5 0.6719136965780931 0.3317600756421254 0.010612266632119685 0.01551396037175401
2 0.6707345558411909 0.34936245375623093 0.01139836045672098 0.0208841774235151
5 0.7300846395986005 0.22226731686455342 0.04991695786219239 0.043558427197617176
5 0.7705684715655755 0.2777595597327506 0.017687111053532618 0.011337124887051075
5 0.8271672269368802 0.2673174710209931 0.010612266632119685 0.011933815670580045
2 0.8399412515866538 0.2667207802374641 0.01729406414123204 0.013127197237638057
4 0.8645066836054494 0.395307644087964 0.011398360456721122 0.02207755899057311
5 0.9163888760291453 0.44692139686322285 0.010612266632119685 0.009547052536464094
5 0.9161923525729949 0.4755625544726149 0.011005313544420546 0.011933815670580045
5 0.9167819229414459 0.5033086759067136 0.012970548105923995 0.011337124887051147
2 0.9032218044670708 0.44841312382204535 0.012577501193623134 0.011337124887051147
2 0.9028287575547701 0.4761592452561439 0.014149688842826151 0.013127197237637986
2 0.9026322340986198 0.5030103305149491 0.013756641930525433 0.015513960371754152
1 0.9079383674146796 0.591022221085477 0.00786093824601437 0.02207755899057311
1 0.9091175081515818 0.620856760261927 0.00786093824601437 0.020884177423515168
5 0.9503874339431582 0.5555191194655014 0.014935782667427589 0.011933815670580045
3 0.7169175680365263 0.6602383519748412 0.006288750596811638 0.00895036175293498
3 0.7801981209169433 0.6575532434489607 0.00550265677221006 0.009547052536464094
3 0.8768876613429222 0.6578515888407251 0.00550265677221006 0.004176835484702792
4 0.23684220841417214 0.4014296915269716 0.01521877644428418 0.02310386713824293
