5 0.6617486495805079 0.3805309734513274 0.17408918515113206 0.07332490518331226
5 0.1195552235375244 0.33185840707964603 0.13423744397195722 0.06447534766118838
4 0.10801919319618435 0.3975979772439949 0.0985806229169061 0.04930467762326167
5 0.43312550281576834 0.058786346396965866 0.17408918515113206 0.0922882427307206
1 0.6586024594874152 0.2338811630847029 0.0629238018618549 0.05562579013906447
4 0.6648948396736007 0.30847029077117566 0.07970348235834969 0.05309734513274332
1 0.672235949890817 0.47850821744627053 0.060826341799793085 0.06447534766118843
1 0.7435495920009194 0.6055625790139065 0.04824158142742206 0.0606826801517068
1 0.3513245603953568 0.6080910240202276 0.05663142167566946 0.06321112515802774
1 0.37125043098494426 0.7762326169405815 0.0335593609929893 0.04298356510745876
1 0.4645874037466957 0.7743362831858407 0.04824158142742213 0.05941845764854605
2 0.23491552695092516 0.44310998735777496 0.15521204459257554 0.04171934260429836
2 0.23386679691989426 0.49936788874841975 0.15730950465463736 0.040455120101137824
1 0.12270141363061716 0.23640960809102401 0.05663142167566946 0.05562579013906447
1 0.4541001034363866 0.13590391908975982 0.05243650155154576 0.05183312262958283
3 0.2516952074474198 0.09544879898862199 0.0713136421101023 0.044247787610619455
