1 0.5099413860475808 0.5689001264222503 0.03516837145155726 0.040455120101137824
1 0.5636708424319044 0.5651074589127687 0.04102976669348351 0.04045512010113775
1 0.508964486840593 0.6137800252844501 0.03126077462360641 0.04930467762326174
1 0.5695322376738307 0.6156763590391908 0.03516837145155726 0.055625790139064504
1 0.5709975864843122 0.7522123893805309 0.03809906907252035 0.055625790139064435
1 0.8450178140443628 0.622629582806574 0.02344558096770484 0.05436156763590397
1 0.8313412251465349 0.6852085967130215 0.03712216986553287 0.02275600505688999
1 0.8288989771290656 0.7117572692793931 0.034191472244569636 0.020227560050568912
1 0.8328065739570164 0.7414664981036663 0.040052867486495954 0.021491782553729452
1 0.2207792207792208 0.5689001264222503 0.02930697620963109 0.025284450063211138
4 0.7141133203080104 0.5695322376738305 0.052752557177336 0.029077117572692827
