5 0.2595312268204356 0.2011367007858376 0.02044791484039795 0.044828120996257076
1 0.3428958027082119 0.19582810750996504 0.0133697904725679 0.009437499157106757
1 0.37533720606076637 0.2076249814563485 0.009830728288652892 0.015335936130298471
1 0.4097447550710514 0.2070351377590293 0.007078124367830086 0.015335936130298435
1 0.4225247018463001 0.2070351377590293 0.009044270025560621 0.017695310919575106
1 0.43668095058196016 0.20821482515366768 0.00825781176246842 0.018874998314213548
1 0.4504439701860742 0.2096894343969656 0.009044270025560621 0.01828515461689431
1 0.4765937074338909 0.2079199033050081 0.009437499157106757 0.017105467222255973
1 0.4999908407608846 0.20909959069964643 0.009830728288652963 0.019464842011532646
1 0.5212252138643748 0.20909959069964643 0.009830728288652679 0.01828515461689431
1 0.5442291180598225 0.2079199033050081 0.011010415683291157 0.017105467222255973
1 0.5652668765975396 0.20880466885098684 0.00825781176246842 0.01769531091957518
1 0.5872877079641221 0.20821482515366768 0.009044270025560621 0.017695310919575144
1 0.6104882267253429 0.20791990330500806 0.009044270025560621 0.015925779827617604
1 0.6329022872234714 0.20821482515366768 0.009830728288652963 0.017695310919575144
1 0.6539400457611885 0.20674021591036973 0.007864582630922285 0.014746092432979268
1 0.6781236373512747 0.2076249814563485 0.012976561341021835 0.015335936130298471
1 0.4763970928681178 0.3919511368685897 0.009830728288652892 0.02064452940617102
1 0.4923228726957354 0.3916562150199301 0.007078124367830157 0.018874998314213513
1 0.508248652523353 0.39224605871724927 0.009044270025560621 0.01769531091957518
1 0.5224049012590131 0.39224605871724916 0.007471353499376079 0.01651562352493677
1 0.5377408373893116 0.3919511368685897 0.008257811762468491 0.015925779827617673
1 0.5528801589538371 0.39254098056590875 0.007864582630922285 0.015925779827617604
1 0.5672330222552702 0.39224605871724927 0.00983072828865282 0.01769531091957518
1 0.5841418749117532 0.3934257461118876 0.009044270025560621 0.01769531091957518
1 0.1513932156452541 0.3143866906711186 0.007864582630922302 0.01769531091957518
1 0.15847134001308416 0.31350192512513986 0.0070781243678300675 0.018285154616894346
1 0.24970049853178275 0.5060858922998495 0.007864582630922322 0.021234373103490186
1 0.2650364346620812 0.506380814148509 0.0062916661047378855 0.018285154616894273
1 0.2807655999239258 0.5060858922998495 0.00707812436783005 0.017695310919575248
1 0.29492184865958593 0.5084452670891261 0.008651040894014486 0.021234373103490186
1 0.3102577847898844 0.5066757359971686 0.007078124367830015 0.01651562352493684
1 0.32480726265709065 0.5057909704511898 0.007864582630922356 0.014746092432979268
1 0.3401431987873892 0.5072655796944878 0.007078124367830086 0.018874998314213513
1 0.35429944752304926 0.5057909704511898 0.007864582630922285 0.014746092432979268
1 0.3696353836533477 0.5060858922998495 0.011010415683291228 0.01651562352493677
1 0.1932721181549153 0.6541366603269616 0.009044270025560621 0.01887499831421337
1 0.20880466885098684 0.6544315821756211 0.010223957420198992 0.02300390419544783
1 0.4638137606586421 0.5400019048957018 0.009044270025560621 0.021824216800809423
1 0.4781666239600753 0.5388222175010634 0.009437499157106828 0.01946484201153268
1 0.494092403787693 0.5397069830470422 0.009830728288652892 0.018874998314213586
1 0.5096249544837644 0.5382323738037442 0.009437499157106757 0.018285154616894415
1 0.5251575051798361 0.5385272956524038 0.009044270025560621 0.018874998314213513
1 0.5399035976128153 0.539117139349723 0.0062916661047378855 0.02005468570885199
1 0.5542564609142484 0.5397069830470421 0.00825781176246828 0.021234373103490255
1 0.5695923970445469 0.5394120611983826 0.007471353499376221 0.01710546722225594
1 0.5857147914379377 0.5388222175010635 0.010617186551745164 0.015925779827617673
3 0.12917576971289865 0.3070136444546289 0.009830728288652892 0.013566405038340968
