5 0.42052355914241457 0.08045977011494251 0.058418928833455654 0.0660919540229885
5 0.4863607646531344 0.07974137931034482 0.054709790494823524 0.06752873563218391
5 0.4209872014347436 0.35416666666666674 0.06120078258742964 0.06752873563218394
5 0.4863607646531344 0.35560344827586204 0.054709790494823524 0.07040229885057471
5 0.17850228254666992 0.7061781609195401 0.052855221325507455 0.06465517241379316
5 0.24387584576506072 0.7112068965517241 0.05749164424879758 0.05172413793103445
5 0.4191326322654275 0.7054597701149424 0.05934621341811358 0.06609195402298852
5 0.4863607646531344 0.7083333333333333 0.058418928833455584 0.06321839080459768
5 0.6421445748756827 0.7061781609195401 0.058418928833455654 0.06465517241379316
5 0.7102999918480475 0.7061781609195401 0.05563707507948152 0.06465517241379316
1 0.13213805331376866 0.8520114942528736 0.028745822124398773 0.05459770114942529
1 0.17386585962337978 0.8512931034482759 0.0250366837857667 0.05603448275862064
1 0.25268504931931196 0.8556034482758621 0.0231821146164506 0.05316091954022994
1 0.2948764979212521 0.8520114942528736 0.025963968370424764 0.05459770114942529
1 0.37508661449417136 0.8541666666666667 0.021327545447134638 0.05316091954022994
1 0.41635077851145347 0.8548850574712644 0.02410939920110863 0.05172413793103459
1 0.49331539903806954 0.8548850574712644 0.018545691693160508 0.048850574712643605
1 0.5359704899323386 0.853448275862069 0.025963968370424695 0.05747126436781613
1 0.5999531262737424 0.8527298850574713 0.02410939920110863 0.050287356321839095
1 0.6388990788293796 0.8548850574712644 0.024109399201108703 0.048850574712643605
1 0.7177182685253117 0.8520114942528736 0.0204002608624765 0.04597701149425291
1 0.758982432542594 0.8520114942528736 0.02318211461645049 0.048850574712643605
1 0.8215741420070105 0.8520114942528736 0.02410939920110863 0.05172413793103445
1 0.8679383712399119 0.8520114942528736 0.029673106709056752 0.048850574712643605
1 0.9277482269503545 0.8527298850574713 0.023182114616450634 0.04741379310344826
1 0.9722578870139398 0.8512931034482759 0.021327545447134638 0.05028735632183896
1 0.17942956713132793 0.7693965517241379 0.0250366837857667 0.041666666666666574
1 0.24526677264204774 0.7686781609195401 0.02132754544713457 0.04597701149425276
1 0.4219144860194017 0.771551724137931 0.024109399201108703 0.04597701149425276
1 0.4891426184071085 0.7708333333333335 0.02689125295508269 0.04454022988505742
1 0.6463173555066439 0.7737068965517241 0.018545691693160577 0.04741379310344826
1 0.7102999918480475 0.7686781609195401 0.022254830031792638 0.04885057471264375
1 0.7455368060650526 0.7722701149425287 0.0204002608624765 0.0531609195402298
1 0.8456835412081193 0.7737068965517241 0.025963968370424625 0.05028735632183896
1 0.8994660471182848 0.7737068965517241 0.029673106709056894 0.05316091954022994
1 0.21327545447134588 0.8117816091954023 0.03523681421700498 0.03448275862068968
1 0.45436944648243255 0.8139367816091954 0.029673106709056825 0.038793103448276016
1 0.6792359582620037 0.8110632183908046 0.030600391293714894 0.03591954022988503
