1 0.766973 0.610095 0.072945 0.094696 0.704494
1 0.766897 0.785698 0.073740 0.096693 0.668789
1 0.577163 0.785234 0.067424 0.087277 0.586714
1 0.134512 0.785452 0.067733 0.088111 0.575755
1 0.325175 0.785714 0.070063 0.090755 0.558870
1 0.039518 0.785218 0.065957 0.086688 0.530964
1 0.229334 0.610630 0.071717 0.092993 0.529785
1 0.863536 0.785801 0.067722 0.090160 0.511652
1 0.229575 0.785674 0.068655 0.090037 0.500479
1 0.959114 0.785043 0.066798 0.087885 0.472332
1 0.672768 0.785120 0.067872 0.090177 0.464055
0 0.224005 0.538199 0.098314 0.131415 0.444676
1 0.421077 0.785576 0.063818 0.083532 0.437852
0 0.778088 0.538888 0.135477 0.180780 0.430518