1 0.766759 0.785309 0.073431 0.095941 0.654195
1 0.577182 0.784969 0.067130 0.086941 0.576113
1 0.134792 0.785133 0.067551 0.087819 0.550287
1 0.325213 0.785406 0.069703 0.090425 0.536159
1 0.039503 0.784945 0.065911 0.086437 0.507243
1 0.863499 0.785495 0.066978 0.089058 0.493064
1 0.959194 0.784706 0.066450 0.087119 0.454898
1 0.672748 0.784811 0.067218 0.089248 0.446135
1 0.229787 0.785231 0.067635 0.088725 0.442355
1 0.421130 0.785198 0.063303 0.082835 0.400730
0 0.776460 0.539394 0.135408 0.183760 0.377466
0 0.222078 0.535706 0.103359 0.141066 0.357221